Tue Apr 28 18:30:28 2015
200
sf
66
[((67, 200), 0.335), ((68, 199), 0.3417085427135678), ((66, 195), 0.3384615384615385), ((67, 194), 0.34536082474226804), ((66, 193), 0.34196891191709844), ((66, 192), 0.34375), ((69, 191), 0.3612565445026178), ((69, 190), 0.3631578947368421), ((70, 189), 0.37037037037037035), ((70, 188), 0.3723404255319149), ((70, 187), 0.37433155080213903), ((70, 186), 0.3763440860215054), ((69, 185), 0.372972972972973), ((69, 184), 0.375), ((69, 182), 0.3791208791208791), ((68, 181), 0.3756906077348066), ((67, 180), 0.37222222222222223), ((69, 177), 0.3898305084745763), ((69, 176), 0.39204545454545453), ((69, 174), 0.39655172413793105), ((70, 173), 0.4046242774566474), ((70, 171), 0.4093567251461988), ((70, 169), 0.41420118343195267), ((70, 168), 0.4166666666666667), ((70, 167), 0.41916167664670656), ((69, 165), 0.41818181818181815), ((69, 164), 0.42073170731707316), ((71, 163), 0.43558282208588955), ((71, 161), 0.4409937888198758), ((72, 156), 0.46153846153846156), ((73, 154), 0.474025974025974), ((72, 153), 0.47058823529411764), ((73, 152), 0.48026315789473684), ((72, 151), 0.4768211920529801), ((68, 147), 0.46258503401360546), ((68, 146), 0.4657534246575342), ((67, 145), 0.46206896551724136), ((67, 144), 0.4652777777777778), ((66, 143), 0.46153846153846156), ((66, 142), 0.4647887323943662), ((64, 137), 0.46715328467153283), ((63, 136), 0.4632352941176471), ((64, 134), 0.47761194029850745), ((66, 133), 0.49624060150375937), ((67, 132), 0.5075757575757576), ((67, 131), 0.5114503816793893), ((70, 124), 0.5645161290322581), ((71, 123), 0.5772357723577236), ((70, 121), 0.5785123966942148), ((70, 120), 0.5833333333333334), ((70, 118), 0.5932203389830508), ((70, 117), 0.5982905982905983), ((68, 109), 0.6238532110091743), ((68, 108), 0.6296296296296297), ((66, 102), 0.6470588235294118), ((63, 99), 0.6363636363636364), ((62, 98), 0.6326530612244898), ((63, 97), 0.6494845360824743), ((64, 95), 0.6736842105263158), ((63, 94), 0.6702127659574468), ((7, 7), 1.0), ((6, 6), 1.0), ((5, 5), 1.0), ((4, 4), 1.0), ((3, 3), 1.0), ((0, 0), 'div by 0')]
======================================
Tue Apr 28 18:31:31 2015
200
sf
50
[((70, 200), 0.35), ((71, 199), 0.35678391959798994), ((70, 198), 0.35353535353535354), ((75, 195), 0.38461538461538464), ((78, 194), 0.4020618556701031), ((79, 192), 0.4114583333333333), ((79, 191), 0.41361256544502617), ((79, 190), 0.41578947368421054), ((80, 189), 0.42328042328042326), ((81, 188), 0.4308510638297872), ((84, 187), 0.44919786096256686), ((84, 186), 0.45161290322580644), ((83, 185), 0.4486486486486487), ((86, 184), 0.4673913043478261), ((85, 181), 0.4696132596685083), ((83, 177), 0.4689265536723164), ((82, 176), 0.4659090909090909), ((82, 175), 0.4685714285714286), ((79, 171), 0.4619883040935672), ((79, 170), 0.4647058823529412), ((79, 168), 0.47023809523809523), ((78, 167), 0.46706586826347307), ((78, 164), 0.47560975609756095), ((78, 163), 0.4785276073619632), ((78, 162), 0.48148148148148145), ((77, 160), 0.48125), ((80, 159), 0.5031446540880503), ((80, 158), 0.5063291139240507), ((80, 157), 0.5095541401273885), ((82, 152), 0.5394736842105263), ((81, 150), 0.54), ((81, 149), 0.5436241610738255), ((81, 147), 0.5510204081632653), ((80, 146), 0.547945205479452), ((82, 145), 0.5655172413793104), ((82, 144), 0.5694444444444444), ((82, 141), 0.5815602836879432), ((81, 140), 0.5785714285714286), ((81, 139), 0.5827338129496403), ((80, 138), 0.5797101449275363), ((82, 137), 0.5985401459854015), ((81, 125), 0.648), ((80, 123), 0.6504065040650406), ((78, 121), 0.6446280991735537), ((73, 111), 0.6576576576576577), ((68, 104), 0.6538461538461539), ((37, 45), 0.8222222222222222), ((36, 44), 0.8181818181818182), ((35, 43), 0.813953488372093), ((0, 0), 'div by 0')]
======================================
Tue Apr 28 18:32:30 2015
200
sf
44
[((60, 200), 0.3), ((61, 199), 0.3065326633165829), ((61, 198), 0.30808080808080807), ((62, 196), 0.3163265306122449), ((62, 195), 0.31794871794871793), ((61, 194), 0.31443298969072164), ((61, 193), 0.3160621761658031), ((61, 190), 0.32105263157894737), ((62, 189), 0.328042328042328), ((66, 188), 0.35106382978723405), ((66, 187), 0.35294117647058826), ((66, 186), 0.3548387096774194), ((66, 185), 0.3567567567567568), ((65, 184), 0.3532608695652174), ((66, 183), 0.36065573770491804), ((66, 182), 0.3626373626373626), ((67, 181), 0.3701657458563536), ((68, 180), 0.37777777777777777), ((69, 179), 0.3854748603351955), ((69, 177), 0.3898305084745763), ((68, 173), 0.3930635838150289), ((69, 172), 0.4011627906976744), ((70, 171), 0.4093567251461988), ((70, 170), 0.4117647058823529), ((70, 168), 0.4166666666666667), ((71, 165), 0.4303030303030303), ((71, 164), 0.4329268292682927), ((71, 162), 0.4382716049382716), ((71, 161), 0.4409937888198758), ((70, 157), 0.445859872611465), ((74, 155), 0.4774193548387097), ((74, 154), 0.4805194805194805), ((75, 152), 0.4934210526315789), ((74, 151), 0.4900662251655629), ((73, 149), 0.4899328859060403), ((73, 148), 0.49324324324324326), ((84, 134), 0.6268656716417911), ((84, 133), 0.631578947368421), ((85, 132), 0.6439393939393939), ((86, 130), 0.6615384615384615), ((86, 123), 0.6991869918699187), ((86, 122), 0.7049180327868853), ((87, 121), 0.71900826446281), ((0, 0), 'div by 0')]
======================================
Sat May  9 20:28:42 2015
200
sf
37
[((64, 200), 0.32), ((64, 198), 0.32323232323232326), ((70, 197), 0.3553299492385787), ((72, 196), 0.3673469387755102), ((73, 195), 0.37435897435897436), ((74, 193), 0.38341968911917096), ((74, 192), 0.3854166666666667), ((77, 190), 0.4052631578947368), ((78, 189), 0.4126984126984127), ((79, 187), 0.42245989304812837), ((79, 186), 0.42473118279569894), ((78, 184), 0.42391304347826086), ((79, 181), 0.43646408839779005), ((78, 178), 0.43820224719101125), ((79, 177), 0.4463276836158192), ((78, 176), 0.4431818181818182), ((81, 174), 0.46551724137931033), ((81, 173), 0.4682080924855491), ((81, 172), 0.47093023255813954), ((81, 171), 0.47368421052631576), ((81, 170), 0.4764705882352941), ((79, 167), 0.47305389221556887), ((77, 158), 0.4873417721518987), ((76, 156), 0.48717948717948717), ((77, 152), 0.506578947368421), ((76, 151), 0.5033112582781457), ((74, 148), 0.5), ((75, 145), 0.5172413793103449), ((75, 142), 0.528169014084507), ((73, 140), 0.5214285714285715), ((74, 126), 0.5873015873015873), ((74, 125), 0.592), ((74, 124), 0.5967741935483871), ((73, 123), 0.5934959349593496), ((79, 100), 0.79), ((77, 88), 0.875), ((2, 2), 1.0)]
======================================
Sun May 10 02:56:40 2015
200
sf
49
[((71, 200), 0.355), ((71, 199), 0.35678391959798994), ((71, 196), 0.3622448979591837), ((72, 195), 0.36923076923076925), ((73, 193), 0.37823834196891193), ((74, 192), 0.3854166666666667), ((74, 191), 0.387434554973822), ((74, 188), 0.39361702127659576), ((74, 187), 0.39572192513368987), ((74, 186), 0.3978494623655914), ((74, 185), 0.4), ((75, 184), 0.4076086956521739), ((75, 183), 0.4098360655737705), ((75, 182), 0.41208791208791207), ((75, 181), 0.4143646408839779), ((76, 177), 0.4293785310734463), ((75, 175), 0.42857142857142855), ((74, 174), 0.42528735632183906), ((75, 173), 0.43352601156069365), ((75, 172), 0.436046511627907), ((75, 171), 0.43859649122807015), ((74, 170), 0.43529411764705883), ((74, 169), 0.4378698224852071), ((77, 167), 0.46107784431137727), ((76, 166), 0.4578313253012048), ((84, 159), 0.5283018867924528), ((85, 153), 0.5555555555555556), ((85, 152), 0.5592105263157895), ((85, 151), 0.5629139072847682), ((86, 147), 0.5850340136054422), ((86, 146), 0.589041095890411), ((86, 145), 0.593103448275862), ((87, 144), 0.6041666666666666), ((88, 138), 0.6376811594202898), ((84, 132), 0.6363636363636364), ((80, 111), 0.7207207207207207), ((80, 109), 0.7339449541284404), ((79, 107), 0.7383177570093458), ((77, 105), 0.7333333333333333), ((76, 103), 0.7378640776699029), ((75, 101), 0.7425742574257426), ((30, 34), 0.8823529411764706), ((24, 27), 0.8888888888888888), ((12, 13), 0.9230769230769231), ((10, 11), 0.9090909090909091), ((8, 9), 0.8888888888888888), ((6, 7), 0.8571428571428571), ((5, 6), 0.8333333333333334), ((0, 0), 'div by 0')]
======================================
Sun May 10 02:57:12 2015
200
sf
41
[((68, 200), 0.34), ((68, 199), 0.3417085427135678), ((67, 197), 0.3401015228426396), ((68, 196), 0.3469387755102041), ((68, 195), 0.3487179487179487), ((68, 194), 0.35051546391752575), ((67, 193), 0.3471502590673575), ((67, 191), 0.3507853403141361), ((66, 190), 0.3473684210526316), ((66, 188), 0.35106382978723405), ((66, 187), 0.35294117647058826), ((67, 185), 0.3621621621621622), ((70, 183), 0.3825136612021858), ((70, 182), 0.38461538461538464), ((71, 181), 0.39226519337016574), ((72, 180), 0.4), ((73, 179), 0.40782122905027934), ((75, 173), 0.43352601156069365), ((74, 172), 0.43023255813953487), ((75, 171), 0.43859649122807015), ((78, 168), 0.4642857142857143), ((78, 166), 0.46987951807228917), ((81, 163), 0.49693251533742333), ((81, 161), 0.5031055900621118), ((79, 153), 0.5163398692810458), ((79, 152), 0.5197368421052632), ((79, 151), 0.5231788079470199), ((84, 147), 0.5714285714285714), ((85, 146), 0.5821917808219178), ((85, 145), 0.5862068965517241), ((84, 143), 0.5874125874125874), ((84, 142), 0.5915492957746479), ((87, 140), 0.6214285714285714), ((89, 138), 0.644927536231884), ((90, 136), 0.6617647058823529), ((90, 135), 0.6666666666666666), ((92, 130), 0.7076923076923077), ((90, 125), 0.72), ((89, 124), 0.717741935483871), ((89, 122), 0.7295081967213115), ((0, 0), 'div by 0')]
======================================
Sun May 10 02:58:39 2015
200
sf
59
[((67, 200), 0.335), ((67, 197), 0.3401015228426396), ((68, 195), 0.3487179487179487), ((69, 194), 0.3556701030927835), ((70, 193), 0.3626943005181347), ((68, 191), 0.35602094240837695), ((68, 190), 0.35789473684210527), ((68, 188), 0.3617021276595745), ((68, 187), 0.36363636363636365), ((66, 184), 0.358695652173913), ((65, 183), 0.3551912568306011), ((65, 182), 0.35714285714285715), ((67, 181), 0.3701657458563536), ((66, 180), 0.36666666666666664), ((66, 177), 0.3728813559322034), ((66, 176), 0.375), ((65, 174), 0.3735632183908046), ((66, 173), 0.3815028901734104), ((67, 171), 0.391812865497076), ((67, 166), 0.4036144578313253), ((68, 164), 0.4146341463414634), ((68, 163), 0.4171779141104294), ((69, 162), 0.42592592592592593), ((69, 161), 0.42857142857142855), ((70, 160), 0.4375), ((71, 159), 0.44654088050314467), ((73, 158), 0.4620253164556962), ((78, 157), 0.4968152866242038), ((78, 156), 0.5), ((77, 154), 0.5), ((78, 153), 0.5098039215686274), ((77, 151), 0.5099337748344371), ((77, 150), 0.5133333333333333), ((77, 149), 0.5167785234899329), ((77, 148), 0.5202702702702703), ((76, 134), 0.5671641791044776), ((76, 133), 0.5714285714285714), ((81, 132), 0.6136363636363636), ((82, 129), 0.6356589147286822), ((82, 128), 0.640625), ((82, 127), 0.6456692913385826), ((82, 124), 0.6612903225806451), ((79, 120), 0.6583333333333333), ((78, 119), 0.6554621848739496), ((77, 118), 0.652542372881356), ((75, 108), 0.6944444444444444), ((74, 105), 0.7047619047619048), ((73, 104), 0.7019230769230769), ((72, 102), 0.7058823529411765), ((71, 99), 0.7171717171717171), ((71, 98), 0.7244897959183674), ((70, 97), 0.7216494845360825), ((68, 95), 0.7157894736842105), ((67, 92), 0.7282608695652174), ((67, 91), 0.7362637362637363), ((52, 64), 0.8125), ((52, 63), 0.8253968253968254), ((6, 6), 1.0), ((0, 0), 'div by 0')]
======================================
Sun May 10 02:59:38 2015
200
sf
57
[((68, 200), 0.34), ((69, 199), 0.34673366834170855), ((73, 197), 0.37055837563451777), ((72, 196), 0.3673469387755102), ((72, 195), 0.36923076923076925), ((73, 193), 0.37823834196891193), ((73, 192), 0.3802083333333333), ((73, 191), 0.38219895287958117), ((73, 190), 0.38421052631578945), ((72, 189), 0.38095238095238093), ((72, 188), 0.3829787234042553), ((71, 186), 0.3817204301075269), ((70, 183), 0.3825136612021858), ((70, 180), 0.3888888888888889), ((71, 179), 0.39664804469273746), ((69, 177), 0.3898305084745763), ((69, 176), 0.39204545454545453), ((71, 173), 0.41040462427745666), ((77, 171), 0.4502923976608187), ((75, 168), 0.44642857142857145), ((74, 164), 0.45121951219512196), ((74, 161), 0.45962732919254656), ((74, 160), 0.4625), ((74, 159), 0.46540880503144655), ((73, 158), 0.4620253164556962), ((73, 156), 0.46794871794871795), ((74, 155), 0.4774193548387097), ((74, 154), 0.4805194805194805), ((73, 153), 0.477124183006536), ((74, 151), 0.4900662251655629), ((73, 150), 0.4866666666666667), ((72, 148), 0.4864864864864865), ((71, 142), 0.5), ((70, 141), 0.49645390070921985), ((72, 140), 0.5142857142857142), ((73, 139), 0.5251798561151079), ((72, 138), 0.5217391304347826), ((72, 137), 0.5255474452554745), ((72, 136), 0.5294117647058824), ((72, 123), 0.5853658536585366), ((72, 122), 0.5901639344262295), ((72, 121), 0.5950413223140496), ((73, 120), 0.6083333333333333), ((72, 119), 0.6050420168067226), ((75, 118), 0.635593220338983), ((74, 117), 0.6324786324786325), ((74, 116), 0.6379310344827587), ((76, 113), 0.672566371681416), ((74, 111), 0.6666666666666666), ((72, 108), 0.6666666666666666), ((72, 105), 0.6857142857142857), ((71, 101), 0.7029702970297029), ((72, 100), 0.72), ((73, 99), 0.7373737373737373), ((72, 98), 0.7346938775510204), ((68, 91), 0.7472527472527473), ((0, 0), 'div by 0')]
======================================
Sun May 10 03:00:35 2015
200
sf
44
[((77, 200), 0.385), ((79, 199), 0.3969849246231156), ((78, 198), 0.3939393939393939), ((78, 196), 0.3979591836734694), ((79, 195), 0.40512820512820513), ((81, 194), 0.4175257731958763), ((83, 191), 0.43455497382198954), ((83, 190), 0.4368421052631579), ((84, 189), 0.4444444444444444), ((84, 188), 0.44680851063829785), ((84, 187), 0.44919786096256686), ((88, 185), 0.4756756756756757), ((86, 183), 0.46994535519125685), ((85, 181), 0.4696132596685083), ((84, 180), 0.4666666666666667), ((84, 179), 0.4692737430167598), ((85, 176), 0.48295454545454547), ((85, 174), 0.4885057471264368), ((84, 167), 0.5029940119760479), ((84, 166), 0.5060240963855421), ((83, 165), 0.503030303030303), ((85, 164), 0.5182926829268293), ((86, 162), 0.5308641975308642), ((88, 159), 0.5534591194968553), ((88, 158), 0.5569620253164557), ((89, 157), 0.5668789808917197), ((88, 156), 0.5641025641025641), ((88, 154), 0.5714285714285714), ((88, 131), 0.6717557251908397), ((87, 130), 0.6692307692307692), ((86, 127), 0.6771653543307087), ((85, 126), 0.6746031746031746), ((82, 123), 0.6666666666666666), ((81, 122), 0.6639344262295082), ((73, 104), 0.7019230769230769), ((72, 103), 0.6990291262135923), ((71, 102), 0.696078431372549), ((71, 101), 0.7029702970297029), ((56, 82), 0.6829268292682927), ((55, 81), 0.6790123456790124), ((54, 73), 0.7397260273972602), ((54, 72), 0.75), ((53, 71), 0.7464788732394366), ((0, 0), 'div by 0')]
======================================
Sun May 10 03:02:16 2015
200
sf
51
[((58, 200), 0.29), ((58, 197), 0.29441624365482233), ((59, 195), 0.30256410256410254), ((58, 193), 0.3005181347150259), ((58, 192), 0.3020833333333333), ((59, 191), 0.3089005235602094), ((59, 190), 0.3105263157894737), ((61, 189), 0.32275132275132273), ((63, 188), 0.3351063829787234), ((64, 187), 0.3422459893048128), ((64, 185), 0.34594594594594597), ((65, 184), 0.3532608695652174), ((66, 183), 0.36065573770491804), ((67, 182), 0.36813186813186816), ((66, 181), 0.36464088397790057), ((66, 178), 0.3707865168539326), ((65, 177), 0.3672316384180791), ((66, 176), 0.375), ((68, 175), 0.38857142857142857), ((70, 172), 0.4069767441860465), ((71, 170), 0.4176470588235294), ((71, 169), 0.42011834319526625), ((74, 168), 0.44047619047619047), ((74, 167), 0.4431137724550898), ((76, 166), 0.4578313253012048), ((75, 163), 0.4601226993865031), ((74, 162), 0.4567901234567901), ((74, 161), 0.45962732919254656), ((74, 160), 0.4625), ((74, 159), 0.46540880503144655), ((75, 158), 0.47468354430379744), ((79, 156), 0.5064102564102564), ((79, 155), 0.5096774193548387), ((79, 154), 0.512987012987013), ((78, 150), 0.52), ((77, 148), 0.5202702702702703), ((77, 147), 0.5238095238095238), ((77, 146), 0.5273972602739726), ((77, 140), 0.55), ((76, 139), 0.5467625899280576), ((75, 138), 0.5434782608695652), ((74, 137), 0.5401459854014599), ((74, 136), 0.5441176470588235), ((72, 133), 0.5413533834586466), ((72, 132), 0.5454545454545454), ((72, 131), 0.549618320610687), ((73, 130), 0.5615384615384615), ((65, 111), 0.5855855855855856), ((65, 110), 0.5909090909090909), ((66, 109), 0.6055045871559633), ((0, 0), 'div by 0')]
======================================
Sun May 10 03:02:55 2015
200
sf
44
[((72, 200), 0.36), ((73, 199), 0.36683417085427134), ((77, 197), 0.39086294416243655), ((79, 195), 0.40512820512820513), ((80, 194), 0.41237113402061853), ((79, 192), 0.4114583333333333), ((79, 191), 0.41361256544502617), ((77, 189), 0.4074074074074074), ((78, 187), 0.41711229946524064), ((77, 186), 0.41397849462365593), ((79, 184), 0.42934782608695654), ((84, 180), 0.4666666666666667), ((84, 179), 0.4692737430167598), ((88, 178), 0.4943820224719101), ((89, 175), 0.5085714285714286), ((90, 174), 0.5172413793103449), ((91, 173), 0.5260115606936416), ((90, 171), 0.5263157894736842), ((89, 170), 0.5235294117647059), ((89, 169), 0.5266272189349113), ((89, 168), 0.5297619047619048), ((85, 153), 0.5555555555555556), ((84, 151), 0.5562913907284768), ((83, 150), 0.5533333333333333), ((83, 149), 0.5570469798657718), ((81, 147), 0.5510204081632653), ((81, 146), 0.5547945205479452), ((82, 145), 0.5655172413793104), ((81, 144), 0.5625), ((81, 143), 0.5664335664335665), ((81, 141), 0.574468085106383), ((80, 140), 0.5714285714285714), ((80, 139), 0.5755395683453237), ((80, 138), 0.5797101449275363), ((79, 137), 0.5766423357664233), ((80, 136), 0.5882352941176471), ((81, 134), 0.6044776119402985), ((82, 132), 0.6212121212121212), ((84, 125), 0.672), ((84, 124), 0.6774193548387096), ((68, 82), 0.8292682926829268), ((67, 81), 0.8271604938271605), ((67, 79), 0.8481012658227848), ((0, 0), 'div by 0')]
======================================
Sun May 10 03:05:02 2015
200
sf
41
[((73, 200), 0.365), ((75, 199), 0.3768844221105528), ((75, 198), 0.3787878787878788), ((75, 197), 0.38071065989847713), ((75, 196), 0.3826530612244898), ((75, 195), 0.38461538461538464), ((74, 189), 0.3915343915343915), ((75, 188), 0.39893617021276595), ((75, 187), 0.40106951871657753), ((76, 186), 0.40860215053763443), ((76, 185), 0.41081081081081083), ((76, 183), 0.41530054644808745), ((76, 182), 0.4175824175824176), ((77, 178), 0.43258426966292135), ((77, 173), 0.44508670520231214), ((76, 170), 0.4470588235294118), ((76, 168), 0.4523809523809524), ((76, 166), 0.4578313253012048), ((76, 165), 0.46060606060606063), ((72, 155), 0.4645161290322581), ((72, 154), 0.4675324675324675), ((71, 153), 0.46405228758169936), ((69, 151), 0.45695364238410596), ((72, 146), 0.4931506849315068), ((72, 145), 0.496551724137931), ((72, 142), 0.5070422535211268), ((71, 140), 0.5071428571428571), ((72, 139), 0.5179856115107914), ((71, 138), 0.5144927536231884), ((69, 136), 0.5073529411764706), ((70, 135), 0.5185185185185185), ((73, 134), 0.5447761194029851), ((71, 130), 0.5461538461538461), ((70, 129), 0.5426356589147286), ((76, 125), 0.608), ((76, 124), 0.6129032258064516), ((76, 123), 0.6178861788617886), ((79, 122), 0.6475409836065574), ((79, 121), 0.6528925619834711), ((78, 120), 0.65), ((0, 0), 'div by 0')]
======================================
Sun May 10 03:05:14 2015
200
sf
49
[((71, 200), 0.355), ((71, 199), 0.35678391959798994), ((71, 198), 0.35858585858585856), ((71, 197), 0.3604060913705584), ((71, 196), 0.3622448979591837), ((74, 195), 0.37948717948717947), ((74, 194), 0.38144329896907214), ((74, 193), 0.38341968911917096), ((75, 192), 0.390625), ((74, 190), 0.3894736842105263), ((73, 189), 0.3862433862433862), ((73, 187), 0.39037433155080214), ((72, 186), 0.3870967741935484), ((72, 184), 0.391304347826087), ((73, 182), 0.4010989010989011), ((75, 179), 0.41899441340782123), ((76, 178), 0.42696629213483145), ((78, 177), 0.4406779661016949), ((78, 175), 0.44571428571428573), ((80, 173), 0.4624277456647399), ((81, 172), 0.47093023255813954), ((81, 171), 0.47368421052631576), ((81, 169), 0.47928994082840237), ((81, 167), 0.48502994011976047), ((82, 166), 0.4939759036144578), ((82, 165), 0.49696969696969695), ((84, 160), 0.525), ((87, 159), 0.5471698113207547), ((87, 157), 0.554140127388535), ((86, 155), 0.5548387096774193), ((84, 150), 0.56), ((84, 149), 0.5637583892617449), ((84, 148), 0.5675675675675675), ((85, 144), 0.5902777777777778), ((84, 143), 0.5874125874125874), ((82, 140), 0.5857142857142857), ((83, 139), 0.5971223021582733), ((79, 129), 0.6124031007751938), ((79, 128), 0.6171875), ((79, 127), 0.6220472440944882), ((79, 125), 0.632), ((79, 124), 0.6370967741935484), ((77, 121), 0.6363636363636364), ((80, 119), 0.6722689075630253), ((81, 118), 0.6864406779661016), ((80, 117), 0.6837606837606838), ((76, 113), 0.672566371681416), ((76, 112), 0.6785714285714286), ((0, 0), 'div by 0')]
======================================
Sun May 10 15:38:25 2015
200
r
37
[((78, 200), 0.39), ((77, 198), 0.3888888888888889), ((77, 197), 0.39086294416243655), ((77, 196), 0.39285714285714285), ((77, 194), 0.39690721649484534), ((78, 190), 0.4105263157894737), ((77, 189), 0.4074074074074074), ((77, 187), 0.4117647058823529), ((78, 186), 0.41935483870967744), ((78, 185), 0.42162162162162165), ((79, 184), 0.42934782608695654), ((82, 183), 0.44808743169398907), ((83, 180), 0.46111111111111114), ((84, 179), 0.4692737430167598), ((84, 178), 0.47191011235955055), ((84, 177), 0.4745762711864407), ((85, 176), 0.48295454545454547), ((88, 175), 0.5028571428571429), ((88, 173), 0.5086705202312138), ((86, 170), 0.5058823529411764), ((85, 169), 0.5029585798816568), ((84, 167), 0.5029940119760479), ((84, 166), 0.5060240963855421), ((85, 162), 0.5246913580246914), ((85, 161), 0.5279503105590062), ((86, 160), 0.5375), ((86, 159), 0.5408805031446541), ((86, 152), 0.5657894736842105), ((85, 148), 0.5743243243243243), ((84, 147), 0.5714285714285714), ((84, 146), 0.5753424657534246), ((83, 145), 0.5724137931034483), ((82, 143), 0.5734265734265734), ((81, 142), 0.5704225352112676), ((83, 141), 0.5886524822695035), ((82, 138), 0.5942028985507246), ((0, 0), 'div by 0')]
======================================
Sun May 10 15:38:43 2015
200
r
26
[((78, 200), 0.39), ((78, 199), 0.39195979899497485), ((78, 197), 0.39593908629441626), ((78, 196), 0.3979591836734694), ((79, 195), 0.40512820512820513), ((81, 191), 0.42408376963350786), ((84, 185), 0.4540540540540541), ((81, 180), 0.45), ((81, 178), 0.4550561797752809), ((81, 175), 0.46285714285714286), ((84, 171), 0.49122807017543857), ((84, 169), 0.4970414201183432), ((84, 168), 0.5), ((83, 165), 0.503030303030303), ((87, 160), 0.54375), ((85, 157), 0.5414012738853503), ((84, 154), 0.5454545454545454), ((84, 152), 0.5526315789473685), ((84, 150), 0.56), ((87, 146), 0.5958904109589042), ((85, 141), 0.6028368794326241), ((82, 133), 0.6165413533834586), ((84, 131), 0.6412213740458015), ((85, 130), 0.6538461538461539), ((75, 99), 0.7575757575757576), ((0, 0), 'div by 0')]
======================================
Sun May 10 15:39:10 2015
200
r
62
[((74, 200), 0.37), ((76, 198), 0.3838383838383838), ((79, 191), 0.41361256544502617), ((80, 190), 0.42105263157894735), ((82, 189), 0.43386243386243384), ((83, 188), 0.44148936170212766), ((83, 186), 0.44623655913978494), ((82, 185), 0.44324324324324327), ((83, 184), 0.45108695652173914), ((83, 183), 0.453551912568306), ((83, 182), 0.45604395604395603), ((83, 181), 0.4585635359116022), ((83, 180), 0.46111111111111114), ((84, 179), 0.4692737430167598), ((84, 178), 0.47191011235955055), ((85, 177), 0.480225988700565), ((85, 176), 0.48295454545454547), ((87, 175), 0.49714285714285716), ((86, 174), 0.4942528735632184), ((85, 173), 0.4913294797687861), ((85, 172), 0.4941860465116279), ((87, 171), 0.5087719298245614), ((86, 170), 0.5058823529411764), ((86, 168), 0.5119047619047619), ((88, 167), 0.5269461077844312), ((88, 165), 0.5333333333333333), ((87, 163), 0.5337423312883436), ((87, 162), 0.5370370370370371), ((87, 160), 0.54375), ((88, 159), 0.5534591194968553), ((85, 156), 0.5448717948717948), ((85, 155), 0.5483870967741935), ((85, 152), 0.5592105263157895), ((84, 151), 0.5562913907284768), ((82, 142), 0.5774647887323944), ((82, 141), 0.5815602836879432), ((81, 139), 0.5827338129496403), ((81, 138), 0.5869565217391305), ((80, 137), 0.583941605839416), ((79, 132), 0.5984848484848485), ((80, 129), 0.6201550387596899), ((79, 128), 0.6171875), ((80, 121), 0.6611570247933884), ((82, 117), 0.7008547008547008), ((77, 110), 0.7), ((77, 108), 0.7129629629629629), ((77, 107), 0.719626168224299), ((76, 106), 0.7169811320754716), ((74, 98), 0.7551020408163265), ((75, 95), 0.7894736842105263), ((69, 88), 0.7840909090909091), ((68, 87), 0.7816091954022989), ((66, 85), 0.7764705882352941), ((65, 84), 0.7738095238095238), ((64, 83), 0.7710843373493976), ((63, 82), 0.7682926829268293), ((62, 75), 0.8266666666666667), ((63, 73), 0.863013698630137), ((6, 6), 1.0), ((5, 5), 1.0), ((4, 4), 1.0), ((2, 2), 1.0)]
======================================
Sun May 10 15:39:30 2015
200
r
50
[((87, 200), 0.435), ((87, 199), 0.4371859296482412), ((88, 197), 0.4467005076142132), ((89, 194), 0.4587628865979381), ((89, 193), 0.46113989637305697), ((90, 192), 0.46875), ((90, 191), 0.4712041884816754), ((90, 190), 0.47368421052631576), ((89, 189), 0.4708994708994709), ((90, 188), 0.4787234042553192), ((89, 187), 0.47593582887700536), ((90, 186), 0.4838709677419355), ((91, 185), 0.4918918918918919), ((92, 184), 0.5), ((93, 183), 0.5081967213114754), ((92, 178), 0.5168539325842697), ((93, 177), 0.5254237288135594), ((94, 176), 0.5340909090909091), ((92, 173), 0.5317919075144508), ((91, 171), 0.5321637426900585), ((95, 169), 0.5621301775147929), ((95, 167), 0.5688622754491018), ((95, 165), 0.5757575757575758), ((94, 164), 0.573170731707317), ((96, 163), 0.588957055214724), ((100, 161), 0.6211180124223602), ((99, 160), 0.61875), ((97, 155), 0.6258064516129033), ((97, 154), 0.6298701298701299), ((97, 153), 0.6339869281045751), ((97, 151), 0.6423841059602649), ((96, 148), 0.6486486486486487), ((96, 147), 0.6530612244897959), ((96, 144), 0.6666666666666666), ((97, 143), 0.6783216783216783), ((98, 142), 0.6901408450704225), ((98, 141), 0.6950354609929078), ((98, 140), 0.7), ((96, 136), 0.7058823529411765), ((95, 131), 0.7251908396946565), ((95, 130), 0.7307692307692307), ((95, 128), 0.7421875), ((95, 125), 0.76), ((87, 106), 0.8207547169811321), ((84, 101), 0.8316831683168316), ((84, 100), 0.84), ((84, 99), 0.8484848484848485), ((83, 98), 0.8469387755102041), ((83, 97), 0.8556701030927835), ((0, 0), 'div by 0')]
======================================
Sun May 10 15:40:12 2015
200
r
44
[((78, 200), 0.39), ((82, 199), 0.4120603015075377), ((84, 197), 0.4263959390862944), ((85, 196), 0.4336734693877551), ((84, 195), 0.4307692307692308), ((85, 194), 0.4381443298969072), ((86, 193), 0.44559585492227977), ((87, 192), 0.453125), ((89, 191), 0.46596858638743455), ((90, 190), 0.47368421052631576), ((89, 187), 0.47593582887700536), ((90, 185), 0.4864864864864865), ((87, 177), 0.4915254237288136), ((86, 176), 0.48863636363636365), ((82, 170), 0.4823529411764706), ((82, 168), 0.4880952380952381), ((84, 167), 0.5029940119760479), ((84, 166), 0.5060240963855421), ((85, 165), 0.5151515151515151), ((88, 159), 0.5534591194968553), ((88, 158), 0.5569620253164557), ((87, 157), 0.554140127388535), ((87, 156), 0.5576923076923077), ((90, 155), 0.5806451612903226), ((89, 154), 0.577922077922078), ((89, 153), 0.5816993464052288), ((90, 152), 0.5921052631578947), ((89, 151), 0.5894039735099338), ((90, 148), 0.6081081081081081), ((92, 145), 0.6344827586206897), ((95, 144), 0.6597222222222222), ((94, 142), 0.6619718309859155), ((95, 141), 0.6737588652482269), ((95, 140), 0.6785714285714286), ((95, 139), 0.6834532374100719), ((94, 138), 0.6811594202898551), ((95, 137), 0.6934306569343066), ((92, 125), 0.736), ((92, 123), 0.7479674796747967), ((92, 122), 0.7540983606557377), ((92, 121), 0.7603305785123967), ((83, 102), 0.8137254901960784), ((83, 101), 0.8217821782178217), ((0, 0), 'div by 0')]
======================================
Sun May 10 15:40:34 2015
200
r
38
[((80, 200), 0.4), ((80, 199), 0.4020100502512563), ((82, 198), 0.41414141414141414), ((82, 197), 0.41624365482233505), ((81, 195), 0.4153846153846154), ((81, 194), 0.4175257731958763), ((84, 190), 0.4421052631578947), ((85, 189), 0.4497354497354497), ((84, 188), 0.44680851063829785), ((87, 186), 0.46774193548387094), ((86, 184), 0.4673913043478261), ((87, 183), 0.47540983606557374), ((88, 182), 0.4835164835164835), ((88, 181), 0.4861878453038674), ((89, 180), 0.49444444444444446), ((88, 178), 0.4943820224719101), ((86, 169), 0.5088757396449705), ((86, 164), 0.524390243902439), ((86, 163), 0.5276073619631901), ((84, 155), 0.5419354838709678), ((84, 154), 0.5454545454545454), ((82, 149), 0.5503355704697986), ((86, 145), 0.593103448275862), ((86, 144), 0.5972222222222222), ((92, 142), 0.647887323943662), ((93, 141), 0.6595744680851063), ((94, 140), 0.6714285714285714), ((93, 139), 0.6690647482014388), ((92, 138), 0.6666666666666666), ((89, 125), 0.712), ((88, 124), 0.7096774193548387), ((86, 122), 0.7049180327868853), ((86, 121), 0.7107438016528925), ((85, 120), 0.7083333333333334), ((85, 119), 0.7142857142857143), ((87, 118), 0.7372881355932204), ((86, 117), 0.7350427350427351), ((0, 0), 'div by 0')]
======================================
Sun May 10 15:43:53 2015
200
r
36
[((74, 200), 0.37), ((77, 197), 0.39086294416243655), ((79, 196), 0.4030612244897959), ((82, 194), 0.422680412371134), ((83, 192), 0.4322916666666667), ((84, 191), 0.4397905759162304), ((84, 187), 0.44919786096256686), ((88, 183), 0.4808743169398907), ((89, 181), 0.49171270718232046), ((89, 179), 0.4972067039106145), ((90, 178), 0.5056179775280899), ((92, 177), 0.519774011299435), ((93, 176), 0.5284090909090909), ((94, 175), 0.5371428571428571), ((94, 172), 0.5465116279069767), ((94, 170), 0.5529411764705883), ((93, 169), 0.5502958579881657), ((93, 168), 0.5535714285714286), ((93, 167), 0.5568862275449101), ((93, 166), 0.5602409638554217), ((92, 163), 0.5644171779141104), ((92, 161), 0.5714285714285714), ((94, 160), 0.5875), ((93, 159), 0.5849056603773585), ((94, 152), 0.618421052631579), ((93, 150), 0.62), ((93, 148), 0.6283783783783784), ((91, 137), 0.6642335766423357), ((77, 106), 0.7264150943396226), ((77, 105), 0.7333333333333333), ((76, 104), 0.7307692307692307), ((76, 103), 0.7378640776699029), ((78, 102), 0.7647058823529411), ((77, 101), 0.7623762376237624), ((4, 4), 1.0), ((2, 2), 1.0)]
======================================
Sun May 10 15:46:00 2015
200
r
35
[((71, 200), 0.355), ((74, 198), 0.37373737373737376), ((73, 197), 0.37055837563451777), ((73, 196), 0.37244897959183676), ((74, 195), 0.37948717948717947), ((73, 194), 0.37628865979381443), ((73, 193), 0.37823834196891193), ((72, 192), 0.375), ((72, 191), 0.3769633507853403), ((75, 190), 0.39473684210526316), ((76, 189), 0.4021164021164021), ((79, 188), 0.42021276595744683), ((79, 187), 0.42245989304812837), ((79, 186), 0.42473118279569894), ((78, 185), 0.42162162162162165), ((77, 180), 0.42777777777777776), ((78, 177), 0.4406779661016949), ((78, 176), 0.4431818181818182), ((77, 174), 0.4425287356321839), ((77, 172), 0.4476744186046512), ((78, 171), 0.45614035087719296), ((79, 170), 0.4647058823529412), ((82, 166), 0.4939759036144578), ((82, 165), 0.49696969696969695), ((82, 163), 0.5030674846625767), ((82, 162), 0.5061728395061729), ((83, 160), 0.51875), ((81, 157), 0.5159235668789809), ((82, 156), 0.5256410256410257), ((83, 155), 0.535483870967742), ((85, 154), 0.551948051948052), ((84, 143), 0.5874125874125874), ((84, 142), 0.5915492957746479), ((85, 141), 0.6028368794326241), ((0, 0), 'div by 0')]
======================================
Sun May 10 15:46:25 2015
200
r
40
[((78, 200), 0.39), ((78, 199), 0.39195979899497485), ((78, 198), 0.3939393939393939), ((79, 197), 0.4010152284263959), ((79, 194), 0.4072164948453608), ((81, 193), 0.41968911917098445), ((82, 192), 0.4270833333333333), ((83, 190), 0.4368421052631579), ((85, 189), 0.4497354497354497), ((85, 188), 0.4521276595744681), ((86, 187), 0.45989304812834225), ((86, 186), 0.46236559139784944), ((85, 185), 0.4594594594594595), ((86, 183), 0.46994535519125685), ((86, 182), 0.4725274725274725), ((87, 177), 0.4915254237288136), ((88, 175), 0.5028571428571429), ((91, 172), 0.5290697674418605), ((91, 171), 0.5321637426900585), ((91, 170), 0.5352941176470588), ((90, 168), 0.5357142857142857), ((90, 166), 0.5421686746987951), ((89, 164), 0.5426829268292683), ((90, 162), 0.5555555555555556), ((91, 160), 0.56875), ((90, 151), 0.5960264900662252), ((89, 150), 0.5933333333333334), ((88, 149), 0.5906040268456376), ((88, 147), 0.5986394557823129), ((86, 132), 0.6515151515151515), ((84, 124), 0.6774193548387096), ((79, 119), 0.6638655462184874), ((76, 104), 0.7307692307692307), ((73, 100), 0.73), ((72, 97), 0.7422680412371134), ((70, 93), 0.7526881720430108), ((11, 11), 1.0), ((8, 8), 1.0), ((5, 5), 1.0), ((0, 0), 'div by 0')]
======================================
Sun May 10 15:46:37 2015
200
r
37
[((85, 200), 0.425), ((86, 198), 0.43434343434343436), ((88, 197), 0.4467005076142132), ((88, 196), 0.4489795918367347), ((89, 195), 0.4564102564102564), ((90, 190), 0.47368421052631576), ((88, 186), 0.4731182795698925), ((89, 184), 0.483695652173913), ((92, 182), 0.5054945054945055), ((93, 180), 0.5166666666666667), ((94, 178), 0.5280898876404494), ((94, 177), 0.5310734463276836), ((93, 176), 0.5284090909090909), ((92, 175), 0.5257142857142857), ((92, 173), 0.5317919075144508), ((91, 167), 0.5449101796407185), ((90, 166), 0.5421686746987951), ((89, 163), 0.5460122699386503), ((90, 162), 0.5555555555555556), ((92, 161), 0.5714285714285714), ((91, 157), 0.5796178343949044), ((90, 155), 0.5806451612903226), ((90, 153), 0.5882352941176471), ((90, 152), 0.5921052631578947), ((90, 147), 0.6122448979591837), ((91, 146), 0.6232876712328768), ((91, 144), 0.6319444444444444), ((91, 143), 0.6363636363636364), ((90, 142), 0.6338028169014085), ((90, 141), 0.6382978723404256), ((88, 136), 0.6470588235294118), ((88, 134), 0.6567164179104478), ((89, 133), 0.6691729323308271), ((90, 132), 0.6818181818181818), ((90, 131), 0.6870229007633588), ((81, 115), 0.7043478260869566), ((0, 0), 'div by 0')]
======================================
Sun May 10 16:11:54 2015
200
r
44
[((86, 200), 0.43), ((87, 199), 0.4371859296482412), ((87, 196), 0.44387755102040816), ((86, 195), 0.441025641025641), ((88, 194), 0.4536082474226804), ((88, 191), 0.4607329842931937), ((88, 190), 0.4631578947368421), ((87, 189), 0.4603174603174603), ((87, 188), 0.4627659574468085), ((88, 186), 0.4731182795698925), ((90, 184), 0.4891304347826087), ((87, 181), 0.48066298342541436), ((87, 180), 0.48333333333333334), ((86, 179), 0.48044692737430167), ((88, 175), 0.5028571428571429), ((88, 172), 0.5116279069767442), ((88, 170), 0.5176470588235295), ((90, 168), 0.5357142857142857), ((91, 166), 0.5481927710843374), ((91, 165), 0.5515151515151515), ((91, 164), 0.5548780487804879), ((90, 161), 0.5590062111801242), ((89, 160), 0.55625), ((87, 157), 0.554140127388535), ((88, 156), 0.5641025641025641), ((90, 148), 0.6081081081081081), ((91, 146), 0.6232876712328768), ((91, 145), 0.6275862068965518), ((92, 144), 0.6388888888888888), ((93, 143), 0.6503496503496503), ((92, 141), 0.6524822695035462), ((92, 140), 0.6571428571428571), ((94, 138), 0.6811594202898551), ((91, 133), 0.6842105263157895), ((89, 126), 0.7063492063492064), ((89, 125), 0.712), ((90, 124), 0.7258064516129032), ((89, 119), 0.7478991596638656), ((88, 118), 0.7457627118644068), ((85, 112), 0.7589285714285714), ((85, 111), 0.7657657657657657), ((74, 86), 0.8604651162790697), ((72, 83), 0.8674698795180723), ((0, 0), 'div by 0')]
======================================
Sun May 10 16:12:57 2015
200
r
26
[((75, 200), 0.375), ((75, 199), 0.3768844221105528), ((78, 196), 0.3979591836734694), ((80, 195), 0.41025641025641024), ((84, 192), 0.4375), ((86, 191), 0.450261780104712), ((88, 187), 0.47058823529411764), ((88, 186), 0.4731182795698925), ((88, 185), 0.4756756756756757), ((87, 184), 0.47282608695652173), ((86, 183), 0.46994535519125685), ((86, 182), 0.4725274725274725), ((86, 180), 0.4777777777777778), ((86, 179), 0.48044692737430167), ((88, 171), 0.5146198830409356), ((90, 170), 0.5294117647058824), ((90, 168), 0.5357142857142857), ((90, 167), 0.5389221556886228), ((91, 166), 0.5481927710843374), ((92, 165), 0.5575757575757576), ((93, 153), 0.6078431372549019), ((91, 151), 0.6026490066225165), ((92, 146), 0.6301369863013698), ((94, 145), 0.6482758620689655), ((95, 136), 0.6985294117647058), ((0, 0), 'div by 0')]
======================================
Sun May 10 16:13:09 2015
200
r
59
[((81, 200), 0.405), ((80, 199), 0.4020100502512563), ((84, 198), 0.42424242424242425), ((83, 197), 0.4213197969543147), ((84, 196), 0.42857142857142855), ((85, 195), 0.4358974358974359), ((85, 193), 0.44041450777202074), ((87, 192), 0.453125), ((86, 191), 0.450261780104712), ((86, 190), 0.45263157894736844), ((86, 189), 0.455026455026455), ((87, 188), 0.4627659574468085), ((87, 187), 0.46524064171123), ((88, 186), 0.4731182795698925), ((88, 184), 0.4782608695652174), ((87, 182), 0.47802197802197804), ((87, 181), 0.48066298342541436), ((85, 177), 0.480225988700565), ((84, 175), 0.48), ((84, 173), 0.48554913294797686), ((84, 172), 0.4883720930232558), ((84, 171), 0.49122807017543857), ((84, 170), 0.49411764705882355), ((84, 169), 0.4970414201183432), ((86, 167), 0.5149700598802395), ((86, 165), 0.5212121212121212), ((87, 163), 0.5337423312883436), ((88, 162), 0.5432098765432098), ((88, 158), 0.5569620253164557), ((87, 155), 0.5612903225806452), ((86, 154), 0.5584415584415584), ((87, 153), 0.5686274509803921), ((86, 152), 0.5657894736842105), ((86, 151), 0.5695364238410596), ((87, 149), 0.5838926174496645), ((87, 148), 0.5878378378378378), ((87, 147), 0.5918367346938775), ((86, 146), 0.589041095890411), ((87, 145), 0.6), ((86, 143), 0.6013986013986014), ((89, 142), 0.6267605633802817), ((88, 140), 0.6285714285714286), ((84, 132), 0.6363636363636364), ((83, 126), 0.6587301587301587), ((81, 123), 0.6585365853658537), ((81, 122), 0.6639344262295082), ((81, 121), 0.6694214876033058), ((81, 120), 0.675), ((80, 119), 0.6722689075630253), ((79, 113), 0.6991150442477876), ((79, 112), 0.7053571428571429), ((78, 110), 0.7090909090909091), ((78, 108), 0.7222222222222222), ((78, 107), 0.7289719626168224), ((76, 105), 0.7238095238095238), ((77, 104), 0.7403846153846154), ((76, 103), 0.7378640776699029), ((71, 87), 0.8160919540229885), ((0, 0), 'div by 0')]
======================================
Sun May 10 16:13:37 2015
200
r
35
[((82, 200), 0.41), ((81, 199), 0.40703517587939697), ((82, 197), 0.41624365482233505), ((82, 196), 0.41836734693877553), ((82, 195), 0.4205128205128205), ((82, 194), 0.422680412371134), ((82, 193), 0.42487046632124353), ((83, 192), 0.4322916666666667), ((83, 191), 0.43455497382198954), ((86, 189), 0.455026455026455), ((88, 188), 0.46808510638297873), ((89, 187), 0.47593582887700536), ((87, 183), 0.47540983606557374), ((87, 182), 0.47802197802197804), ((90, 180), 0.5), ((90, 179), 0.5027932960893855), ((90, 178), 0.5056179775280899), ((90, 177), 0.5084745762711864), ((93, 165), 0.5636363636363636), ((92, 161), 0.5714285714285714), ((92, 160), 0.575), ((92, 159), 0.5786163522012578), ((93, 152), 0.6118421052631579), ((93, 151), 0.6158940397350994), ((93, 150), 0.62), ((91, 131), 0.6946564885496184), ((91, 130), 0.7), ((91, 125), 0.728), ((92, 124), 0.7419354838709677), ((91, 123), 0.7398373983739838), ((42, 46), 0.9130434782608695), ((33, 34), 0.9705882352941176), ((31, 32), 0.96875), ((19, 19), 1.0), ((0, 0), 'div by 0')]
======================================
Sun May 10 16:20:00 2015
200
r
45
[((71, 200), 0.355), ((71, 199), 0.35678391959798994), ((73, 197), 0.37055837563451777), ((73, 196), 0.37244897959183676), ((72, 195), 0.36923076923076925), ((74, 194), 0.38144329896907214), ((74, 193), 0.38341968911917096), ((75, 192), 0.390625), ((73, 185), 0.3945945945945946), ((74, 184), 0.40217391304347827), ((74, 183), 0.40437158469945356), ((74, 181), 0.4088397790055249), ((73, 179), 0.40782122905027934), ((74, 178), 0.4157303370786517), ((74, 177), 0.4180790960451977), ((75, 175), 0.42857142857142855), ((75, 174), 0.43103448275862066), ((75, 173), 0.43352601156069365), ((76, 172), 0.4418604651162791), ((77, 171), 0.4502923976608187), ((80, 170), 0.47058823529411764), ((81, 168), 0.48214285714285715), ((80, 167), 0.47904191616766467), ((81, 165), 0.4909090909090909), ((84, 163), 0.5153374233128835), ((85, 162), 0.5246913580246914), ((88, 161), 0.546583850931677), ((91, 158), 0.5759493670886076), ((92, 153), 0.6013071895424836), ((93, 151), 0.6158940397350994), ((90, 148), 0.6081081081081081), ((90, 147), 0.6122448979591837), ((91, 146), 0.6232876712328768), ((91, 145), 0.6275862068965518), ((90, 144), 0.625), ((85, 130), 0.6538461538461539), ((80, 120), 0.6666666666666666), ((80, 119), 0.6722689075630253), ((79, 117), 0.6752136752136753), ((76, 113), 0.672566371681416), ((76, 112), 0.6785714285714286), ((74, 110), 0.6727272727272727), ((68, 94), 0.723404255319149), ((67, 93), 0.7204301075268817), ((0, 0), 'div by 0')]
======================================
Sun May 10 22:43:54 2015
200
r
41
[((69, 200), 0.345), ((69, 198), 0.3484848484848485), ((69, 197), 0.350253807106599), ((70, 196), 0.35714285714285715), ((70, 194), 0.36082474226804123), ((70, 193), 0.3626943005181347), ((70, 192), 0.3645833333333333), ((71, 191), 0.3717277486910995), ((71, 190), 0.3736842105263158), ((72, 187), 0.3850267379679144), ((77, 181), 0.425414364640884), ((77, 177), 0.4350282485875706), ((77, 175), 0.44), ((79, 173), 0.45664739884393063), ((78, 171), 0.45614035087719296), ((79, 170), 0.4647058823529412), ((79, 169), 0.46745562130177515), ((80, 168), 0.47619047619047616), ((80, 167), 0.47904191616766467), ((80, 166), 0.4819277108433735), ((81, 161), 0.5031055900621118), ((81, 160), 0.50625), ((81, 159), 0.5094339622641509), ((82, 158), 0.5189873417721519), ((82, 156), 0.5256410256410257), ((82, 155), 0.5290322580645161), ((83, 151), 0.5496688741721855), ((86, 149), 0.5771812080536913), ((86, 148), 0.581081081081081), ((85, 145), 0.5862068965517241), ((86, 144), 0.5972222222222222), ((77, 108), 0.7129629629629629), ((79, 107), 0.7383177570093458), ((75, 98), 0.7653061224489796), ((74, 96), 0.7708333333333334), ((73, 95), 0.7684210526315789), ((69, 89), 0.7752808988764045), ((69, 88), 0.7840909090909091), ((68, 85), 0.8), ((67, 81), 0.8271604938271605), ((0, 0), 'div by 0')]
======================================
Sun May 10 22:45:16 2015
200
r
34
[((80, 200), 0.4), ((80, 198), 0.40404040404040403), ((79, 197), 0.4010152284263959), ((81, 196), 0.413265306122449), ((81, 195), 0.4153846153846154), ((83, 194), 0.42783505154639173), ((85, 193), 0.44041450777202074), ((84, 192), 0.4375), ((84, 191), 0.4397905759162304), ((85, 190), 0.4473684210526316), ((85, 189), 0.4497354497354497), ((85, 184), 0.46195652173913043), ((85, 183), 0.4644808743169399), ((87, 182), 0.47802197802197804), ((89, 179), 0.4972067039106145), ((89, 175), 0.5085714285714286), ((88, 174), 0.5057471264367817), ((89, 173), 0.5144508670520231), ((90, 172), 0.5232558139534884), ((89, 158), 0.5632911392405063), ((90, 152), 0.5921052631578947), ((90, 146), 0.6164383561643836), ((87, 139), 0.6258992805755396), ((87, 132), 0.6590909090909091), ((86, 131), 0.6564885496183206), ((86, 130), 0.6615384615384615), ((57, 69), 0.8260869565217391), ((52, 62), 0.8387096774193549), ((51, 61), 0.8360655737704918), ((47, 54), 0.8703703703703703), ((47, 53), 0.8867924528301887), ((40, 46), 0.8695652173913043), ((39, 45), 0.8666666666666667), ((2, 2), 1.0)]
======================================
Sun May 10 22:45:35 2015
200
r
41
[((72, 200), 0.36), ((71, 199), 0.35678391959798994), ((71, 198), 0.35858585858585856), ((72, 197), 0.36548223350253806), ((72, 195), 0.36923076923076925), ((74, 194), 0.38144329896907214), ((75, 193), 0.38860103626943004), ((78, 191), 0.4083769633507853), ((79, 190), 0.41578947368421054), ((78, 188), 0.4148936170212766), ((77, 186), 0.41397849462365593), ((77, 185), 0.41621621621621624), ((77, 184), 0.41847826086956524), ((79, 183), 0.43169398907103823), ((82, 181), 0.4530386740331492), ((82, 180), 0.45555555555555555), ((83, 179), 0.46368715083798884), ((85, 178), 0.47752808988764045), ((84, 176), 0.4772727272727273), ((87, 175), 0.49714285714285716), ((86, 169), 0.5088757396449705), ((87, 163), 0.5337423312883436), ((86, 162), 0.5308641975308642), ((87, 161), 0.5403726708074534), ((89, 160), 0.55625), ((86, 156), 0.5512820512820513), ((84, 150), 0.56), ((83, 148), 0.5608108108108109), ((83, 145), 0.5724137931034483), ((82, 143), 0.5734265734265734), ((81, 142), 0.5704225352112676), ((81, 141), 0.574468085106383), ((81, 140), 0.5785714285714286), ((80, 139), 0.5755395683453237), ((83, 135), 0.6148148148148148), ((84, 134), 0.6268656716417911), ((87, 123), 0.7073170731707317), ((85, 111), 0.7657657657657657), ((86, 110), 0.7818181818181819), ((85, 109), 0.7798165137614679), ((0, 0), 'div by 0')]
======================================
Sun May 10 22:46:55 2015
200
r
40
[((78, 200), 0.39), ((79, 199), 0.3969849246231156), ((79, 198), 0.398989898989899), ((79, 196), 0.4030612244897959), ((79, 194), 0.4072164948453608), ((79, 193), 0.40932642487046633), ((78, 190), 0.4105263157894737), ((79, 189), 0.41798941798941797), ((79, 188), 0.42021276595744683), ((79, 186), 0.42473118279569894), ((80, 185), 0.43243243243243246), ((83, 183), 0.453551912568306), ((83, 182), 0.45604395604395603), ((83, 181), 0.4585635359116022), ((83, 180), 0.46111111111111114), ((85, 178), 0.47752808988764045), ((85, 177), 0.480225988700565), ((85, 176), 0.48295454545454547), ((84, 174), 0.4827586206896552), ((85, 172), 0.4941860465116279), ((90, 167), 0.5389221556886228), ((89, 165), 0.5393939393939394), ((89, 164), 0.5426829268292683), ((89, 163), 0.5460122699386503), ((91, 161), 0.5652173913043478), ((90, 160), 0.5625), ((90, 158), 0.569620253164557), ((90, 157), 0.5732484076433121), ((90, 156), 0.5769230769230769), ((90, 155), 0.5806451612903226), ((92, 154), 0.5974025974025974), ((92, 151), 0.609271523178808), ((92, 150), 0.6133333333333333), ((89, 142), 0.6267605633802817), ((91, 140), 0.65), ((89, 137), 0.6496350364963503), ((89, 136), 0.6544117647058824), ((88, 134), 0.6567164179104478), ((92, 126), 0.7301587301587301), ((0, 0), 'div by 0')]
======================================
Sun May 10 22:48:23 2015
200
r
40
[((77, 200), 0.385), ((79, 199), 0.3969849246231156), ((80, 198), 0.40404040404040403), ((80, 196), 0.40816326530612246), ((80, 194), 0.41237113402061853), ((81, 193), 0.41968911917098445), ((81, 190), 0.4263157894736842), ((81, 189), 0.42857142857142855), ((83, 188), 0.44148936170212766), ((83, 187), 0.44385026737967914), ((83, 186), 0.44623655913978494), ((82, 185), 0.44324324324324327), ((83, 182), 0.45604395604395603), ((82, 180), 0.45555555555555555), ((82, 179), 0.4581005586592179), ((83, 171), 0.4853801169590643), ((84, 169), 0.4970414201183432), ((85, 168), 0.5059523809523809), ((85, 167), 0.5089820359281437), ((85, 166), 0.5120481927710844), ((85, 165), 0.5151515151515151), ((84, 164), 0.5121951219512195), ((84, 163), 0.5153374233128835), ((83, 161), 0.515527950310559), ((84, 154), 0.5454545454545454), ((84, 152), 0.5526315789473685), ((84, 151), 0.5562913907284768), ((84, 150), 0.56), ((84, 149), 0.5637583892617449), ((84, 148), 0.5675675675675675), ((86, 146), 0.589041095890411), ((86, 141), 0.6099290780141844), ((86, 140), 0.6142857142857143), ((87, 139), 0.6258992805755396), ((84, 130), 0.6461538461538462), ((83, 128), 0.6484375), ((79, 117), 0.6752136752136753), ((79, 116), 0.6810344827586207), ((70, 91), 0.7692307692307693), ((0, 0), 'div by 0')]
======================================
Sun May 10 23:26:37 2015
200
r
41
[((73, 200), 0.365), ((77, 198), 0.3888888888888889), ((78, 196), 0.3979591836734694), ((79, 195), 0.40512820512820513), ((79, 194), 0.4072164948453608), ((79, 193), 0.40932642487046633), ((79, 192), 0.4114583333333333), ((79, 191), 0.41361256544502617), ((79, 187), 0.42245989304812837), ((81, 186), 0.43548387096774194), ((82, 185), 0.44324324324324327), ((82, 184), 0.44565217391304346), ((83, 181), 0.4585635359116022), ((84, 180), 0.4666666666666667), ((85, 179), 0.4748603351955307), ((85, 178), 0.47752808988764045), ((85, 177), 0.480225988700565), ((86, 176), 0.48863636363636365), ((87, 175), 0.49714285714285716), ((88, 174), 0.5057471264367817), ((88, 173), 0.5086705202312138), ((85, 167), 0.5089820359281437), ((87, 165), 0.5272727272727272), ((89, 164), 0.5426829268292683), ((90, 162), 0.5555555555555556), ((90, 161), 0.5590062111801242), ((91, 160), 0.56875), ((91, 146), 0.6232876712328768), ((91, 143), 0.6363636363636364), ((92, 141), 0.6524822695035462), ((91, 140), 0.65), ((90, 138), 0.6521739130434783), ((89, 137), 0.6496350364963503), ((90, 136), 0.6617647058823529), ((88, 133), 0.6616541353383458), ((88, 132), 0.6666666666666666), ((87, 130), 0.6692307692307692), ((83, 112), 0.7410714285714286), ((81, 110), 0.7363636363636363), ((80, 108), 0.7407407407407407), ((0, 0), 'div by 0')]
======================================
Sun May 10 23:26:55 2015
200
r
45
[((85, 200), 0.425), ((86, 195), 0.441025641025641), ((88, 194), 0.4536082474226804), ((89, 192), 0.4635416666666667), ((89, 191), 0.46596858638743455), ((89, 190), 0.46842105263157896), ((88, 189), 0.4656084656084656), ((88, 188), 0.46808510638297873), ((89, 187), 0.47593582887700536), ((89, 186), 0.478494623655914), ((88, 184), 0.4782608695652174), ((88, 182), 0.4835164835164835), ((87, 181), 0.48066298342541436), ((87, 180), 0.48333333333333334), ((91, 178), 0.5112359550561798), ((90, 177), 0.5084745762711864), ((91, 176), 0.5170454545454546), ((91, 175), 0.52), ((90, 174), 0.5172413793103449), ((89, 170), 0.5235294117647059), ((89, 168), 0.5297619047619048), ((89, 167), 0.5329341317365269), ((90, 166), 0.5421686746987951), ((89, 164), 0.5426829268292683), ((90, 163), 0.5521472392638037), ((90, 162), 0.5555555555555556), ((89, 161), 0.5527950310559007), ((90, 160), 0.5625), ((90, 159), 0.5660377358490566), ((90, 157), 0.5732484076433121), ((93, 145), 0.6413793103448275), ((95, 143), 0.6643356643356644), ((96, 142), 0.676056338028169), ((92, 125), 0.736), ((91, 122), 0.7459016393442623), ((90, 120), 0.75), ((89, 118), 0.7542372881355932), ((89, 117), 0.7606837606837606), ((87, 115), 0.7565217391304347), ((83, 108), 0.7685185185185185), ((83, 107), 0.7757009345794392), ((82, 106), 0.7735849056603774), ((80, 102), 0.7843137254901961), ((80, 100), 0.8), ((0, 0), 'div by 0')]
======================================
Sun May 10 23:44:22 2015
200
r
45
[((73, 200), 0.365), ((73, 199), 0.36683417085427134), ((73, 198), 0.3686868686868687), ((75, 197), 0.38071065989847713), ((75, 196), 0.3826530612244898), ((78, 195), 0.4), ((79, 194), 0.4072164948453608), ((78, 191), 0.4083769633507853), ((78, 190), 0.4105263157894737), ((78, 189), 0.4126984126984127), ((80, 188), 0.425531914893617), ((80, 187), 0.42780748663101603), ((80, 186), 0.43010752688172044), ((80, 185), 0.43243243243243246), ((81, 184), 0.44021739130434784), ((84, 182), 0.46153846153846156), ((89, 180), 0.49444444444444446), ((89, 178), 0.5), ((90, 177), 0.5084745762711864), ((91, 176), 0.5170454545454546), ((92, 175), 0.5257142857142857), ((94, 173), 0.5433526011560693), ((94, 172), 0.5465116279069767), ((94, 170), 0.5529411764705883), ((94, 169), 0.5562130177514792), ((95, 168), 0.5654761904761905), ((95, 166), 0.572289156626506), ((95, 165), 0.5757575757575758), ((94, 164), 0.573170731707317), ((94, 163), 0.5766871165644172), ((94, 161), 0.5838509316770186), ((93, 160), 0.58125), ((93, 159), 0.5849056603773585), ((93, 158), 0.5886075949367089), ((90, 153), 0.5882352941176471), ((89, 152), 0.5855263157894737), ((88, 147), 0.5986394557823129), ((88, 145), 0.6068965517241379), ((87, 144), 0.6041666666666666), ((86, 141), 0.6099290780141844), ((86, 131), 0.6564885496183206), ((87, 124), 0.7016129032258065), ((87, 123), 0.7073170731707317), ((81, 105), 0.7714285714285715), ((0, 0), 'div by 0')]
['0/200', '0/199', '0/198', '0/197', '0/196', '0/195', '0/194', '0/191', '0/190', '0/189', '0/188', '0/187', '0/186', '0/185', '0/184', '0/182', '0/180', '0/178', '0/177', '0/176', '0/175', '0/173', '0/172', '0/170', '0/169', '0/168', '0/166', '0/165', '0/164', '0/163', '0/161', '0/160', '0/159', '0/158', '0/153', '0/152', '0/147', '0/145', '1/144', '1/141', '2/131', '16/124', '16/123', '22/105', '0/0']
======================================
Mon May 11 10:41:52 2015
200
r
47
[((84, 200), 0.42), ((84, 198), 0.42424242424242425), ((84, 195), 0.4307692307692308), ((85, 194), 0.4381443298969072), ((86, 193), 0.44559585492227977), ((87, 192), 0.453125), ((88, 191), 0.4607329842931937), ((88, 190), 0.4631578947368421), ((87, 188), 0.4627659574468085), ((88, 187), 0.47058823529411764), ((88, 186), 0.4731182795698925), ((91, 184), 0.4945652173913043), ((92, 183), 0.5027322404371585), ((92, 179), 0.5139664804469274), ((95, 178), 0.5337078651685393), ((94, 176), 0.5340909090909091), ((91, 171), 0.5321637426900585), ((91, 168), 0.5416666666666666), ((91, 167), 0.5449101796407185), ((91, 165), 0.5515151515151515), ((92, 164), 0.5609756097560976), ((93, 163), 0.5705521472392638), ((93, 161), 0.577639751552795), ((93, 160), 0.58125), ((92, 156), 0.5897435897435898), ((91, 150), 0.6066666666666667), ((89, 147), 0.6054421768707483), ((88, 144), 0.6111111111111112), ((81, 134), 0.6044776119402985), ((80, 130), 0.6153846153846154), ((79, 129), 0.6124031007751938), ((80, 128), 0.625), ((79, 124), 0.6370967741935484), ((80, 123), 0.6504065040650406), ((78, 118), 0.6610169491525424), ((77, 117), 0.6581196581196581), ((77, 115), 0.6695652173913044), ((76, 114), 0.6666666666666666), ((70, 105), 0.6666666666666666), ((70, 104), 0.6730769230769231), ((70, 103), 0.6796116504854369), ((69, 101), 0.6831683168316832), ((68, 99), 0.6868686868686869), ((67, 98), 0.6836734693877551), ((67, 94), 0.7127659574468085), ((66, 92), 0.717391304347826), ((0, 0), 'div by 0')]
['0/200', '0/198', '0/195', '0/194', '0/193', '0/192', '0/191', '0/190', '0/188', '0/187', '0/186', '0/184', '0/183', '0/179', '0/178', '0/176', '0/171', '0/168', '0/167', '0/165', '0/164', '0/163', '0/161', '0/160', '0/156', '0/150', '0/147', '0/144', '0/134', '0/130', '0/129', '0/128', '0/124', '0/123', '3/118', '3/117', '3/115', '3/114', '8/105', '8/104', '8/103', '9/101', '9/99', '9/98', '23/94', '23/92', '0/0']
======================================
